1719473459863 0.7981220657276995 0
1719473550891 0.8591549295774648 1
1719473631837 0.897887323943662 2
1719473715744 0.9025821596244131 3
1719473796892 0.9049295774647887 4
1719473877421 0.9284037558685446 5
1719473958870 0.9213615023474179 6
1719474041659 0.931924882629108 7
1719474123021 0.9436619718309859 8
1719474203420 0.9495305164319249 9
1719474286144 0.937793427230047 10
1719474367967 0.9589201877934272 11
1719474449541 0.9612676056338029 12
1719474530728 0.9565727699530516 13
1719474631487 0.9671361502347418 14
