1719473459863 0.4576478652577375 0
1719473550891 0.3737010185701331 1
1719473631837 0.303042226860356 2
1719473715744 0.3338698738814753 3
1719473796892 0.25016008703157794 4
1719473877421 0.2357505006227039 5
1719473958870 0.25715199750539314 6
1719474041659 0.18756413134908032 7
1719474123021 0.1707149315302964 8
1719474203420 0.16371679409628978 9
1719474286144 0.1895549835764558 10
1719474367967 0.13533118793723378 11
1719474449541 0.13406569039844798 12
1719474530728 0.1323935085016154 13
1719474631487 0.0859142894166748 14
